0 273 730 457
1 62837 63248 411
2 64320 64805 485
3 63776 64409 633
4 63717 64137 420
5 64984 65589 605
6 66491 66939 448
7 67013 67626 613
8 67255 67686 431
9 67640 68064 424
10 68323 68755 432
11 69202 69711 509
12 68887 69175 288
13 69568 69985 417
14 70657 71088 431
15 71409 71833 424
16 71051 71471 420
17 73603 74042 439
18 74324 74795 471
19 74492 75004 512
20 75489 76046 557
21 77135 77589 454
22 76328 77015 687
23 76323 76901 578
24 78130 78552 422
25 78900 79323 423
26 79571 80015 444
27 80042 80515 473
28 81549 82022 473
29 81276 81932 656
30 81980 82433 453
31 82946 83465 519
32 82964 83412 448
33 84171 84613 442
34 85135 85600 465
35 85302 85758 456
36 85646 86214 568
37 86468 86910 442
38 86236 86677 441
39 87778 88205 427
40 89082 89551 469
41 89831 90264 433
42 89840 90416 576
43 92515 92970 455
44 91629 92075 446
45 91939 92382 443
46 92117 92709 592
47 92560 93000 440
48 92884 93341 457
49 94562 95157 595
50 95046 95522 476
51 97355 98044 689
52 98270 98737 467
53 98158 98630 472
54 99810 100404 594
55 100447 100914 467
56 99808 100389 581
57 101089 101645 556
58 102336 102954 618
59 103275 103879 604
60 104753 105220 467
61 104201 104651 450
62 105535 106097 562
63 106361 106811 450
64 106665 107120 455
65 106917 107354 437
66 105513 106070 557
67 106729 107440 711
68 109120 109705 585
69 111083 111551 468
70 112230 112697 467
71 110156 110884 728
72 110752 111221 469
73 113234 113701 467
74 113575 114037 462
75 114329 114796 467
76 114447 115028 581
77 116004 116495 491
78 117081 117696 615
79 118920 119689 769
80 118492 118953 461
81 117511 118091 580
82 119197 119661 464
83 120355 121030 675
84 122358 122855 497
85 122706 123556 850
86 124227 124834 607
87 126484 127092 608
88 127448 128077 629
89 127016 127517 501
90 126511 127124 613
91 127454 127933 479
92 128720 129481 761
93 126726 127423 697
94 189283 188609 -674
95 189704 190189 485
96 189703 190338 635
97 192107 192642 535
98 194345 195216 871
99 190397 191300 903
100 196495 197115 620
101 197584 198094 510
102 198719 199234 515
103 198049 198557 508
104 198997 199666 669
105 197728 198398 670
106 197998 198502 504
107 197997 198670 673
108 197888 198561 673
109 197691 198337 646
110 198669 199182 513
111 197767 198281 514
112 202933 203603 670
113 202202 202804 602
114 203904 204500 596
115 204177 204916 739
116 202754 203703 949
117 207374 208053 679
118 207027 207539 512
119 207101 207847 746
120 208136 208681 545
121 208788 209325 537
122 210219 210714 495
123 210346 210930 584
124 210774 209945 -829
125 210387 210953 566
126 209615 210122 507
127 214014 214676 662
128 214296 214948 652
129 214985 215476 491
130 215986 216528 542
131 217139 217896 757
132 217723 218290 567
133 218661 219388 727
134 219058 219661 603
135 219609 220286 677
136 220907 221571 664
137 219854 220637 783
138 220373 221015 642
139 220699 221274 575
140 221855 222650 795
141 222701 223613 912
142 226715 227405 690
143 229558 230329 771
144 230212 231052 840
145 230816 231418 602
146 233723 234329 606
147 234219 234877 658
148 233108 233680 572
149 233550 234188 638
150 233571 234522 951
151 232610 233452 842
152 233272 233978 706
153 235028 235730 702
154 232765 233526 761
155 235399 236084 685
156 236405 237066 661
157 238954 239653 699
158 236958 237512 554
159 237121 237762 641
160 237740 238410 670
161 239748 240362 614
162 239876 240524 648
163 239252 239768 516
164 239296 239807 511
165 240768 241380 612
166 239616 240427 811
167 238651 239567 916
168 242599 243235 636
169 241525 242121 596
170 244563 245072 509
171 242454 242955 501
172 244153 244750 597
173 244224 244852 628
174 242545 243061 516
175 242275 243190 915
176 244287 244775 488
177 245039 245940 901
178 246725 247356 631
179 247237 248267 1030
180 249845 250593 748
181 250374 251127 753
182 251123 251852 729
183 253712 254715 1003
184 255638 256558 920
185 256275 256992 717
186 258361 259101 740
187 324680 325269 589
188 326297 327019 722
189 324863 325695 832
190 320996 321888 892
191 324286 325055 769
192 324088 324674 586
193 316990 317682 692
194 318878 319592 714
195 323169 323724 555
196 319532 320367 835
197 329166 329994 828
198 326734 327298 564
199 327531 328392 861
200 332976 333687 711
201 328574 329366 792
202 327895 328629 734
203 333919 334613 694
204 330479 331330 851
205 328876 329851 975
206 334772 335495 723
207 334526 335119 593
208 333859 334775 916
209 337091 337988 897
210 332757 333452 695
211 338703 339789 1086
212 339632 340576 944
213 336664 337689 1025
214 339488 340473 985
215 344821 345839 1018
216 344047 344424 377
217 344883 345771 888
218 343693 344581 888
219 341243 341877 634
220 346029 347154 1125
221 342047 342628 581
222 339101 337945 -1156
223 344869 345680 811
224 340558 341363 805
225 344378 345184 806
226 348237 349287 1050
227 345523 346524 1001
228 348827 350092 1265
229 350988 351814 826
230 346869 347902 1033
231 350559 351226 667
232 343509 343031 -478
233 350348 351351 1003
234 351992 353152 1160
235 354580 355461 881
236 352369 352974 605
237 353624 354340 716
238 352901 353789 888
239 354463 355423 960
240 357671 359098 1427
241 354741 355666 925
242 354336 355255 919
243 356051 356753 702
244 355624 356645 1021
245 354051 354991 940
246 356374 357222 848
247 357006 357629 623
248 361026 361657 631
249 355899 356980 1081
250 349441 350255 814
251 354903 356017 1114
252 360797 361665 868
253 359270 360377 1107
254 360513 361815 1302
255 359688 360483 795
256 361564 362282 718
257 366317 366914 597
258 360776 361674 898
259 364272 364880 608
260 359533 360123 590
261 360357 360930 573
262 362444 363279 835
263 364424 365831 1407
264 363547 364553 1006
265 369614 370383 769
266 371979 372903 924
267 377946 379089 1143
268 376932 377713 781
269 381149 382108 959
270 378907 379832 925
271 380068 381140 1072
272 381528 382462 934
273 378738 379391 653
274 379688 380735 1047
275 384158 384955 797
276 383120 383775 655
277 384161 384967 806
278 386978 387999 1021
279 450403 451293 890
280 443326 444049 723
281 453409 454179 770
282 450273 451544 1271
283 454633 456155 1522
284 450467 451381 914
285 450522 451746 1224
286 455101 455726 625
287 450424 451290 866
288 451837 452687 850
289 452410 453208 798
290 451551 452645 1094
291 457655 458805 1150
292 450001 450757 756
293 451707 452586 879
294 448499 449156 657
295 452727 453553 826
296 452759 453670 911
297 453983 454986 1003
298 460178 461254 1076
299 457486 458391 905
300 465578 466563 985
301 465018 465966 948
302 467940 468722 782
303 468590 469594 1004
304 471485 472412 927
305 465745 466782 1037
306 464270 465096 826
307 463673 464588 915
308 464673 465379 706
309 461322 462327 1005
310 464284 464752 468
311 462317 463326 1009
312 464973 465856 883
313 460313 461465 1152
314 462868 464443 1575
315 464852 465768 916
316 464373 465328 955
317 467788 468548 760
318 470703 471689 986
319 467726 468768 1042
320 472027 472652 625
321 471539 469961 -1578
322 475672 477031 1359
323 472982 473936 954
324 479584 477896 -1688
325 477643 478743 1100
326 480332 481421 1089
327 482560 483656 1096
328 480710 482109 1399
329 484490 485644 1154
330 482640 483551 911
331 485345 486368 1023
332 487714 488757 1043
333 490291 491362 1071
334 484614 485827 1213
335 478719 479518 799
336 475928 476739 811
337 481213 481855 642
338 478387 479099 712
339 478876 479619 743
340 484581 485474 893
341 487457 489027 1570
342 485148 486406 1258
343 485760 486731 971
344 485018 485941 923
345 487020 488179 1159
346 493460 494635 1175
347 485113 486085 972
348 483569 484381 812
349 476700 477525 825
350 481843 483008 1165
351 483807 485096 1289
352 485428 486582 1154
353 486271 487384 1113
354 495747 496736 989
355 491868 492855 987
356 499025 500609 1584
357 495104 496108 1004
358 503027 504173 1146
359 494564 495515 951
360 498987 500350 1363
361 495938 496618 680
362 499530 500503 973
363 498880 499971 1091
364 504440 505604 1164
365 501189 502125 936
366 504739 505691 952
367 498060 499184 1124
368 493849 494659 810
369 489344 490045 701
370 494366 492617 -1749
371 548182 548896 714
372 552611 553409 798
373 551262 551317 55
374 562166 563577 1411
375 568459 569613 1154
376 573177 574099 922
377 568979 570268 1289
378 572071 573499 1428
379 561268 562073 805
380 564805 565657 852
381 563867 565003 1136
382 569992 571163 1171
383 569359 567068 -2291
384 563300 564753 1453
385 567322 568348 1026
386 568810 570142 1332
387 567949 569574 1625
388 571140 571920 780
389 573260 574557 1297
390 571490 572679 1189
391 574582 575718 1136
392 573552 574463 911
393 572817 573820 1003
394 570839 571613 774
395 580403 581093 690
396 584264 585805 1541
397 583261 584171 910
398 593555 594367 812
399 591427 592824 1397
400 590617 591382 765
401 584884 585830 946
402 583783 584695 912
403 580748 581848 1100
404 585434 586679 1245
405 586141 586450 309
406 599618 601179 1561
407 595154 596134 980
408 586465 586915 450
409 584644 586284 1640
410 587425 588729 1304
411 582828 583962 1134
412 576857 578095 1238
413 585660 586596 936
414 585108 586155 1047
415 594886 595840 954
416 597721 598848 1127
417 591032 592791 1759
418 599092 597558 -1534
419 594943 595862 919
420 594158 595444 1286
421 598206 599257 1051
422 595491 596333 842
423 595924 596838 914
424 593919 595004 1085
425 600545 601503 958
426 604241 606190 1949
427 603062 604275 1213
428 600705 601951 1246
429 606661 607544 883
430 604080 604877 797
431 608092 608831 739
432 607672 609085 1413
433 607445 608774 1329
434 604287 605493 1206
435 614421 615235 814
436 612613 613929 1316
437 617933 618863 930
438 614050 615491 1441
439 612638 613910 1272
440 609057 610286 1229
441 610218 611370 1152
442 610703 608676 -2027
443 612497 613886 1389
444 604935 605664 729
445 604482 605378 896
446 606682 608026 1344
447 611009 612043 1034
448 618424 619619 1195
449 626761 628302 1541
450 626325 627804 1479
451 631158 633076 1918
452 630217 631270 1053
453 630921 631858 937
454 621928 622950 1022
455 619522 621314 1792
456 621284 622598 1314
457 618430 619794 1364
458 616122 617192 1070
459 620746 621976 1230
460 618392 619221 829
461 621050 621768 718
462 617405 618291 886
463 678450 679597 1147
464 688600 689671 1071
465 684961 685959 998
466 694322 695741 1419
467 686256 687695 1439
468 681074 681941 867
469 679028 680666 1638
470 676246 677618 1372
471 678765 679731 966
472 674525 675639 1114
473 677300 678916 1616
474 694307 695556 1249
475 689895 690849 954
476 695712 697357 1645
477 704186 705801 1615
478 700896 702699 1803
479 699028 700049 1021
480 703210 704699 1489
481 705440 706321 881
482 703851 704814 963
483 700257 701234 977
484 697444 698428 984
485 694347 695636 1289
486 689395 690449 1054
487 693309 694383 1074
488 691554 692297 743
489 692530 693470 940
490 697598 698644 1046
491 702691 703877 1186
492 704592 705691 1099
493 697578 698625 1047
494 705573 706948 1375
495 696652 698033 1381
496 699346 700385 1039
497 699395 701168 1773
498 708521 710067 1546
499 720419 721390 971
500 728123 729206 1083
501 714893 716278 1385
502 711045 712236 1191
503 717785 719111 1326
504 734273 735677 1404
505 723948 724963 1015
506 723104 724783 1679
507 715807 717123 1316
508 718111 719024 913
509 725689 726645 956
510 726293 727450 1157
511 723478 724871 1393
512 721999 723325 1326
513 729296 730585 1289
514 725372 726497 1125
515 732426 733658 1232
516 719015 720514 1499
517 724550 725794 1244
518 727125 728135 1010
519 729038 727680 -1358
520 728421 729479 1058
521 734034 735489 1455
522 726571 728167 1596
523 724610 725826 1216
524 721117 717832 -3285
525 718860 720662 1802
526 719388 720497 1109
527 722143 723778 1635
528 722523 723714 1191
529 727689 729244 1555
530 721205 722699 1494
531 717708 719235 1527
532 715407 716643 1236
533 707746 708910 1164
534 718811 719878 1067
535 723287 724317 1030
536 726036 722303 -3733
537 726230 727498 1268
538 726138 727476 1338
539 731315 732483 1168
540 735967 736952 985
541 729837 731027 1190
542 730560 731579 1019
543 727957 728923 966
544 727611 729035 1424
545 727320 728340 1020
546 727627 729205 1578
547 724028 725477 1449
548 730261 731284 1023
549 734555 735728 1173
550 735090 735932 842
551 727451 728537 1086
552 730709 732335 1626
553 729432 730428 996
554 732662 734058 1396
555 797816 799316 1500
556 800542 801679 1137
557 810326 811313 987
558 810949 812194 1245
559 815548 817168 1620
560 818980 819122 142
561 811017 812383 1366
562 802829 804484 1655
563 810060 810976 916
564 811601 812953 1352
565 803735 804941 1206
566 804925 806368 1443
567 810735 811658 923
568 801030 802884 1854
569 808883 810153 1270
570 811114 812310 1196
571 806739 808827 2088
572 798235 799758 1523
573 806941 808289 1348
574 799964 800854 890
575 804930 805794 864
576 809499 811051 1552
577 816838 817589 751
578 825282 827293 2011
579 821815 823450 1635
580 823095 824556 1461
581 810010 811286 1276
582 809121 810567 1446
583 816533 817819 1286
584 818647 819763 1116
585 812141 814247 2106
586 816660 817839 1179
587 822670 824428 1758
588 824382 825561 1179
589 827368 829094 1726
590 827171 828746 1575
591 826789 827840 1051
592 823281 824573 1292
593 822658 823794 1136
594 822086 823237 1151
595 822138 823597 1459
596 834300 835834 1534
597 842372 843751 1379
598 846620 848055 1435
599 844774 846550 1776
600 834032 835057 1025
601 839962 841524 1562
602 839866 841108 1242
603 843554 839258 -4296
604 844504 845544 1040
605 857251 858327 1076
606 852656 849715 -2941
607 851489 852870 1381
608 841269 843123 1854
609 843894 844915 1021
610 853688 855106 1418
611 853571 854827 1256
612 839642 841596 1954
613 839971 841488 1517
614 856413 857479 1066
615 852670 853967 1297
616 846479 847338 859
617 856016 857571 1555
618 860210 856280 -3930
619 857951 859450 1499
620 849703 850558 855
621 852689 854507 1818
622 863500 865064 1564
623 864467 865635 1168
624 868536 869918 1382
625 854816 855903 1087
626 852554 853367 813
627 849923 850337 414
628 849720 851709 1989
629 852734 854496 1762
630 844970 846770 1800
631 841273 842399 1126
632 841277 843061 1784
633 837518 839138 1620
634 841547 843269 1722
635 848103 849258 1155
636 862208 863645 1437
637 875182 876406 1224
638 877737 879401 1664
639 870871 872414 1543
640 864229 865730 1501
641 857880 859265 1385
642 852488 853946 1458
643 860680 862336 1656
644 861428 863201 1773
645 850410 851930 1520
646 845927 847137 1210
647 909311 911257 1946
648 899098 900051 953
649 902545 903631 1086
650 926316 927773 1457
651 929068 930823 1755
652 927660 929474 1814
653 923468 924893 1425
654 917418 918390 972
655 908012 909558 1546
656 926848 928306 1458
657 929094 930222 1128
658 940433 941997 1564
659 951198 952556 1358
660 952246 954452 2206
661 935295 936750 1455
662 931246 932947 1701
663 938448 940093 1645
664 957426 958698 1272
665 949606 950626 1020
666 944740 940620 -4120
667 948408 949758 1350
668 945219 946159 940
669 953635 955062 1427
670 947289 948383 1094
671 941861 943105 1244
672 942641 944192 1551
673 947143 948227 1084
674 936131 938311 2180
675 938871 940493 1622
676 937103 938935 1832
677 935438 936629 1191
678 942467 943793 1326
679 949486 951236 1750
680 949392 951239 1847
681 949653 951580 1927
682 952961 954661 1700
683 947921 949040 1119
684 956670 957753 1083
685 966823 968270 1447
686 968669 970289 1620
687 963012 964214 1202
688 955593 957283 1690
689 956234 958411 2177
690 964574 965656 1082
691 959397 961266 1869
692 960645 961603 958
693 964186 966066 1880
694 966387 967369 982
695 960923 962547 1624
696 963671 965231 1560
697 956879 957849 970
698 960442 962689 2247
699 963999 960560 -3439
700 968521 969885 1364
701 981641 983899 2258
702 991758 987543 -4215
703 1001574 1003631 2057
704 999749 1001284 1535
705 993613 995056 1443
706 985345 986267 922
707 961757 963277 1520
708 956438 958046 1608
709 948660 949730 1070
710 948288 949652 1364
711 949944 950200 256
712 949198 950355 1157
713 964243 966201 1958
714 957683 958966 1283
715 954093 955755 1662
716 958397 959809 1412
717 964473 966541 2068
718 958192 959396 1204
719 954982 956623 1641
720 955775 957902 2127
721 965473 967186 1713
722 982927 984601 1674
723 987927 989315 1388
724 987445 989196 1751
725 983064 984351 1287
726 980129 981138 1009
727 973787 975124 1337
728 963787 965115 1328
729 968202 969557 1355
730 970521 971718 1197
731 968428 970443 2015
732 972972 974896 1924
733 965871 967440 1569
734 966026 967476 1450
735 955461 957499 2038
736 963454 965158 1704
737 969824 971089 1265
738 965629 967621 1992
739 971009 973024 2015
740 1062578 1057583 -4995
741 1084702 1086991 2289
742 1068565 1070393 1828
743 1069161 1070727 1566
744 1062713 1064157 1444
745 1067009 1067426 417
746 1053777 1054955 1178
747 1049916 1051093 1177
748 1051745 1047837 -3908
749 1035838 1037154 1316
750 1041515 1043065 1550
751 1032965 1034624 1659
752 1031461 1033044 1583
753 1029081 1030523 1442
754 1029503 1030780 1277
755 1031918 1034269 2351
756 1041059 1042680 1621
757 1049299 1050804 1505
758 1064697 1066615 1918
759 1078859 1080358 1499
760 1076952 1078933 1981
761 1090924 1091069 145
762 1088951 1090436 1485
763 1087846 1089366 1520
764 1072040 1066325 -5715
765 1070844 1072344 1500
766 1081334 1083305 1971
767 1076414 1078113 1699
768 1082414 1084286 1872
769 1071183 1072963 1780
770 1073224 1071842 -1382
771 1059051 1059096 45
772 1054824 1056736 1912
773 1054637 1055932 1295
774 1071159 1072305 1146
775 1062539 1063833 1294
776 1058457 1059829 1372
777 1079772 1081617 1845
778 1083977 1085989 2012
779 1077495 1078746 1251
780 1090007 1091761 1754
781 1069437 1071449 2012
782 1058533 1060282 1749
783 1063596 1065273 1677
784 1070451 1072034 1583
785 1077078 1078633 1555
786 1064018 1065547 1529
787 1068796 1070473 1677
788 1063406 1065500 2094
789 1086226 1087757 1531
790 1085606 1087260 1654
791 1085295 1087002 1707
792 1080400 1082010 1610
793 1080563 1082627 2064
794 1087044 1088899 1855
795 1065332 1066727 1395
796 1080401 1082046 1645
797 1090490 1091798 1308
798 1085588 1087302 1714
799 1088543 1090118 1575
800 1107169 1108975 1806
801 1102805 1102552 -253
802 1095376 1096921 1545
803 1101469 1103242 1773
804 1096963 1098988 2025
805 1087503 1089088 1585
806 1112265 1114063 1798
807 1111534 1113543 2009
808 1115222 1116789 1567
809 1116486 1111706 -4780
810 1107488 1109228 1740
811 1101157 1103310 2153
812 1108585 1109508 923
813 1098004 1099098 1094
814 1111508 1113231 1723
815 1127317 1128798 1481
816 1120412 1121576 1164
817 1108703 1103948 -4755
818 1119213 1115242 -3971
819 1122380 1123897 1517
820 1106693 1109105 2412
821 1093863 1095587 1724
822 1091909 1093476 1567
823 1096752 1098215 1463
824 1126372 1128227 1855
825 1123580 1125486 1906
826 1106741 1108187 1446
827 1110205 1111846 1641
828 1113142 1115185 2043
829 1103669 1105180 1511
830 1114451 1115660 1209
831 1126537 1128613 2076
832 1188969 1190401 1432
833 1184893 1186819 1926
834 1178415 1172122 -6293
835 1188009 1190555 2546
836 1190732 1192996 2264
837 1177451 1179454 2003
838 1178054 1179453 1399
839 1173539 1175117 1578
840 1172772 1174321 1549
841 1190974 1193087 2113
842 1177345 1178950 1605
843 1183425 1186156 2731
844 1179527 1181038 1511
845 1190605 1192450 1845
846 1204042 1205539 1497
847 1198111 1200306 2195
848 1191659 1186040 -5619
849 1167889 1169287 1398
850 1166558 1167591 1033
851 1176792 1178546 1754
852 1178351 1180256 1905
853 1189403 1191395 1992
854 1197964 1193517 -4447
855 1193480 1194799 1319
856 1185282 1187744 2462
857 1207738 1209266 1528
858 1203911 1205493 1582
859 1187690 1188944 1254
860 1204821 1206249 1428
861 1248167 1241565 -6602
862 1250411 1251533 1122
863 1226470 1222557 -3913
864 1237284 1239180 1896
865 1232250 1234119 1869
866 1207082 1208405 1323
867 1215630 1210873 -4757
868 1227429 1224327 -3102
869 1199861 1202044 2183
870 1194205 1196535 2330
871 1202386 1204072 1686
872 1205952 1207650 1698
873 1199934 1201366 1432
874 1203456 1204819 1363
875 1198405 1199743 1338
876 1213116 1214709 1593
877 1206487 1208722 2235
878 1217976 1219612 1636
879 1215323 1217008 1685
880 1224969 1227571 2602
881 1200780 1202375 1595
882 1211382 1212807 1425
883 1226254 1228095 1841
884 1228348 1230094 1746
885 1226267 1228124 1857
886 1224966 1226511 1545
887 1243702 1245557 1855
888 1240009 1242259 2250
889 1252284 1254097 1813
890 1254334 1256312 1978
891 1254118 1256296 2178
892 1257966 1260001 2035
893 1247906 1249446 1540
894 1221695 1223375 1680
895 1221550 1215457 -6093
896 1233690 1227626 -6064
897 1237283 1238824 1541
898 1248587 1250400 1813
899 1256047 1258556 2509
900 1253657 1255486 1829
901 1222341 1224088 1747
902 1227764 1230001 2237
903 1228637 1230627 1990
904 1239317 1241522 2205
905 1236581 1238261 1680
906 1243310 1244882 1572
907 1232508 1234045 1537
908 1228355 1229958 1603
909 1231812 1233414 1602
910 1236560 1238693 2133
911 1235463 1237867 2404
912 1244106 1245967 1861
913 1259991 1262028 2037
914 1276809 1279143 2334
915 1278838 1281255 2417
916 1255714 1257690 1976
917 1240969 1242312 1343
918 1240854 1242821 1967
919 1233702 1235442 1740
920 1261321 1263666 2345
921 1258825 1260692 1867
922 1256690 1258163 1473
923 1268625 1270933 2308
924 1347885 1350113 2228
925 1334132 1335358 1226
926 1329272 1330468 1196
927 1334455 1336528 2073
928 1334388 1335787 1399
929 1314297 1317064 2767
930 1305462 1307737 2275
931 1324292 1326441 2149
932 1338550 1340379 1829
933 1338937 1340719 1782
934 1337214 1339400 2186
935 1329322 1330986 1664
936 1317245 1318580 1335
937 1310893 1312386 1493
938 1327720 1329859 2139
939 1333077 1335853 2776
940 1342356 1344342 1986
941 1336260 1338026 1766
942 1351841 1353438 1597
943 1338152 1340447 2295
944 1321323 1314906 -6417
945 1322114 1324612 2498
946 1354104 1348335 -5769
947 1343185 1344772 1587
948 1358315 1360066 1751
949 1361312 1363204 1892
950 1355752 1357455 1703
951 1340641 1342424 1783
952 1353002 1355333 2331
953 1383197 1377507 -5690
954 1383221 1385221 2000
955 1369204 1370913 1709
956 1366784 1369072 2288
957 1370297 1372096 1799
958 1364237 1366531 2294
959 1371844 1374247 2403
960 1373525 1375875 2350
961 1371966 1366616 -5350
962 1375975 1377585 1610
963 1375849 1378213 2364
964 1362815 1365028 2213
965 1363364 1364713 1349
966 1387329 1389147 1818
967 1351142 1352914 1772
968 1369350 1371342 1992
969 1386198 1388659 2461
970 1377728 1379179 1451
971 1367114 1369392 2278
972 1379579 1381610 2031
973 1372656 1373804 1148
974 1379815 1375379 -4436
975 1391539 1393600 2061
976 1363028 1364591 1563
977 1360446 1362804 2358
978 1362406 1363827 1421
979 1371583 1373142 1559
980 1405606 1407833 2227
981 1396034 1391327 -4707
982 1367352 1369023 1671
983 1382351 1384402 2051
984 1398964 1400167 1203
985 1415555 1418577 3022
986 1388023 1389907 1884
987 1382616 1384177 1561
988 1382197 1375943 -6254
989 1383110 1384897 1787
990 1388258 1390553 2295
991 1388975 1390787 1812
992 1379941 1382189 2248
993 1363044 1364501 1457
994 1377845 1379262 1417
995 1377972 1379796 1824
996 1387031 1388711 1680
997 1408010 1403033 -4977
998 1400186 1402312 2126
999 1371962 1374168 2206
1000 1389796 1392548 2752
